0.000000e+00 0.000000e+00 0.000000e+00 0.000000e+00
0.000000e+00 0.000000e+00 0.000000e+00 0.000000e+00
0.000000e+00 0.000000e+00 0.000000e+00 0.000000e+00
0.000000e+00 0.000000e+00 0.000000e+00 0.000000e+00
0.000000e+00 0.000000e+00 0.000000e+00 0.000000e+00
0.000000e+00 0.000000e+00 0.000000e+00 0.000000e+00
0.000000e+00 0.000000e+00 0.000000e+00 0.000000e+00
0.000000e+00 0.000000e+00 0.000000e+00 0.000000e+00
0.000000e+00 0.000000e+00 0.000000e+00 0.000000e+00
0.000000e+00 0.000000e+00 0.000000e+00 0.000000e+00
0.000000e+00 0.000000e+00 0.000000e+00 0.000000e+00
0.000000e+00 0.000000e+00 0.000000e+00 0.000000e+00
0.000000e+00 0.000000e+00 0.000000e+00 0.000000e+00
0.000000e+00 0.000000e+00 0.000000e+00 0.000000e+00
0.000000e+00 0.000000e+00 0.000000e+00 0.000000e+00
0.000000e+00 0.000000e+00 0.000000e+00 0.000000e+00
0.000000e+00 0.000000e+00 0.000000e+00 0.000000e+00
0.000000e+00 0.000000e+00 0.000000e+00 0.000000e+00
0.000000e+00 0.000000e+00 0.000000e+00 0.000000e+00
0.000000e+00 0.000000e+00 0.000000e+00 0.000000e+00
0.000000e+00 0.000000e+00 0.000000e+00 0.000000e+00
0.000000e+00 0.000000e+00 0.000000e+00 0.000000e+00
0.000000e+00 0.000000e+00 0.000000e+00 0.000000e+00
0.000000e+00 0.000000e+00 0.000000e+00 0.000000e+00
0.000000e+00 0.000000e+00 0.000000e+00 0.000000e+00
0.000000e+00 0.000000e+00 0.000000e+00 0.000000e+00
0.000000e+00 0.000000e+00 0.000000e+00 0.000000e+00
0.000000e+00 0.000000e+00 0.000000e+00 0.000000e+00
0.000000e+00 0.000000e+00 0.000000e+00 0.000000e+00
0.000000e+00 0.000000e+00 0.000000e+00 0.000000e+00
0.000000e+00 0.000000e+00 0.000000e+00 0.000000e+00
0.000000e+00 0.000000e+00 0.000000e+00 0.000000e+00
0.000000e+00 0.000000e+00 0.000000e+00 0.000000e+00
0.000000e+00 0.000000e+00 0.000000e+00 0.000000e+00
0.000000e+00 0.000000e+00 0.000000e+00 0.000000e+00
0.000000e+00 0.000000e+00 0.000000e+00 0.000000e+00
0.000000e+00 0.000000e+00 0.000000e+00 0.000000e+00
0.000000e+00 0.000000e+00 0.000000e+00 0.000000e+00
0.000000e+00 0.000000e+00 0.000000e+00 0.000000e+00
0.000000e+00 0.000000e+00 0.000000e+00 0.000000e+00
0.000000e+00 0.000000e+00 0.000000e+00 0.000000e+00
0.000000e+00 0.000000e+00 0.000000e+00 0.000000e+00
0.000000e+00 0.000000e+00 0.000000e+00 0.000000e+00
0.000000e+00 0.000000e+00 0.000000e+00 0.000000e+00
0.000000e+00 7.663760e+06 1.275846e+07 0.000000e+00
3.009150e+07 9.304369e+07 9.872485e+07 5.520231e+07
1.049806e+08 1.008243e+08 1.566539e+08 3.917075e+08
2.563114e+09 2.411673e+09 2.244435e+09 2.575864e+09
2.512393e+10 2.521523e+10 2.143038e+10 2.252112e+10
1.409110e+11 1.448024e+11 1.447621e+11 1.486268e+11
6.007830e+11 6.057812e+11 6.015675e+11 6.032327e+11
2.074226e+12 2.070617e+12 2.050893e+12 2.025918e+12
6.448167e+12 6.426510e+12 6.368315e+12 6.333049e+12
1.744607e+13 1.747400e+13 1.722934e+13 1.717347e+13
3.840294e+13 3.810445e+13 3.789935e+13 3.781477e+13
6.842872e+13 6.820346e+13 6.803531e+13 6.773658e+13
1.111141e+14 1.107932e+14 1.103873e+14 1.102117e+14
1.835942e+14 1.841261e+14 1.841921e+14 1.836928e+14
3.378777e+14 3.409452e+14 3.431048e+14 3.434000e+14
7.031051e+14 7.115959e+14 7.162323e+14 7.152163e+14
1.217696e+15 1.227032e+15 1.230877e+15 1.224889e+15
1.615924e+15 1.615723e+15 1.618351e+15 1.623161e+15
1.869142e+15 1.871011e+15 1.876155e+15 1.874593e+15
2.003846e+15 2.013126e+15 2.022974e+15 2.021513e+15
2.043247e+15 2.052370e+15 2.061892e+15 2.061471e+15
1.988248e+15 1.991860e+15 2.000308e+15 2.003707e+15
1.845873e+15 1.844416e+15 1.842598e+15 1.843880e+15
1.564049e+15 1.565715e+15 1.565831e+15 1.568144e+15
1.155511e+15 1.159273e+15 1.162483e+15 1.165301e+15
6.515178e+14 6.481964e+14 6.464819e+14 6.489932e+14
3.141913e+14 3.120226e+14 3.099216e+14 3.091692e+14
1.733906e+14 1.722963e+14 1.714726e+14 1.703395e+14
1.049467e+14 1.048086e+14 1.044369e+14 1.038418e+14
6.393823e+13 6.374095e+13 6.349664e+13 6.337943e+13
3.457637e+13 3.460490e+13 3.452656e+13 3.443861e+13
1.531510e+13 1.533526e+13 1.533349e+13 1.524909e+13
5.598065e+12 5.547407e+12 5.530251e+12 5.490176e+12
1.749077e+12 1.741775e+12 1.746213e+12 1.761933e+12
5.176328e+11 5.150976e+11 5.193271e+11 5.083030e+11
1.279309e+11 1.247030e+11 1.215668e+11 1.185609e+11
1.911109e+10 1.804031e+10 1.910730e+10 2.029709e+10
1.418607e+09 1.775048e+09 1.925000e+09 1.411589e+09
1.017906e+07 1.058092e+07 6.534213e+07 4.831600e+07
0.000000e+00 0.000000e+00 0.000000e+00 0.000000e+00
0.000000e+00 0.000000e+00 0.000000e+00 0.000000e+00
0.000000e+00 0.000000e+00 0.000000e+00 0.000000e+00
0.000000e+00 0.000000e+00 0.000000e+00 0.000000e+00
0.000000e+00 0.000000e+00 0.000000e+00 0.000000e+00
0.000000e+00 0.000000e+00 0.000000e+00 0.000000e+00
0.000000e+00 0.000000e+00 0.000000e+00 0.000000e+00
0.000000e+00 0.000000e+00 0.000000e+00 0.000000e+00
0.000000e+00 0.000000e+00 0.000000e+00 0.000000e+00
0.000000e+00 0.000000e+00 0.000000e+00 0.000000e+00
0.000000e+00 0.000000e+00 0.000000e+00 0.000000e+00
0.000000e+00 0.000000e+00 0.000000e+00 0.000000e+00
0.000000e+00 0.000000e+00 0.000000e+00 0.000000e+00
0.000000e+00 0.000000e+00 0.000000e+00 0.000000e+00
0.000000e+00 0.000000e+00 0.000000e+00 0.000000e+00
0.000000e+00 0.000000e+00 0.000000e+00 0.000000e+00
0.000000e+00 0.000000e+00 0.000000e+00 0.000000e+00
0.000000e+00 0.000000e+00 0.000000e+00 0.000000e+00
0.000000e+00 0.000000e+00 0.000000e+00 0.000000e+00
0.000000e+00 0.000000e+00 0.000000e+00 0.000000e+00
0.000000e+00 0.000000e+00 0.000000e+00 0.000000e+00
0.000000e+00 0.000000e+00 0.000000e+00 0.000000e+00
0.000000e+00 0.000000e+00 0.000000e+00 0.000000e+00
0.000000e+00 0.000000e+00 0.000000e+00 0.000000e+00
0.000000e+00 0.000000e+00 0.000000e+00 0.000000e+00
0.000000e+00 0.000000e+00 0.000000e+00 0.000000e+00
0.000000e+00 0.000000e+00 0.000000e+00 0.000000e+00
0.000000e+00 0.000000e+00 0.000000e+00 0.000000e+00
0.000000e+00 0.000000e+00 0.000000e+00 0.000000e+00
0.000000e+00 0.000000e+00 0.000000e+00 0.000000e+00
0.000000e+00 0.000000e+00 0.000000e+00 0.000000e+00
0.000000e+00 0.000000e+00 0.000000e+00 0.000000e+00
0.000000e+00 0.000000e+00 0.000000e+00 0.000000e+00
0.000000e+00 0.000000e+00 0.000000e+00 0.000000e+00
0.000000e+00 0.000000e+00 0.000000e+00 0.000000e+00
0.000000e+00 0.000000e+00 0.000000e+00 0.000000e+00
0.000000e+00 0.000000e+00 0.000000e+00 0.000000e+00
0.000000e+00 0.000000e+00 0.000000e+00 0.000000e+00
0.000000e+00 0.000000e+00 0.000000e+00 0.000000e+00
0.000000e+00 0.000000e+00 0.000000e+00 0.000000e+00
0.000000e+00 0.000000e+00 0.000000e+00 0.000000e+00
0.000000e+00 0.000000e+00 0.000000e+00 0.000000e+00
0.000000e+00 0.000000e+00 0.000000e+00 0.000000e+00
0.000000e+00 0.000000e+00 0.000000e+00 0.000000e+00
0.000000e+00 0.000000e+00 0.000000e+00 0.000000e+00
0.000000e+00 0.000000e+00 0.000000e+00 0.000000e+00
