3.579651e+13 3.517899e+13 3.570970e+13 3.422220e+13
3.617221e+13 3.565691e+13 3.529794e+13 3.472486e+13
3.611177e+13 3.631983e+13 3.500830e+13 3.509525e+13
3.642015e+13 3.580867e+13 3.430251e+13 3.456092e+13
3.701992e+13 3.588970e+13 3.498018e+13 3.600529e+13
3.623076e+13 3.623618e+13 3.603804e+13 3.659481e+13
3.716741e+13 3.676476e+13 3.569965e+13 3.595013e+13
3.829987e+13 3.726558e+13 3.598385e+13 3.645823e+13
3.812537e+13 3.706891e+13 3.591770e+13 3.648833e+13
3.848074e+13 3.722927e+13 3.586602e+13 3.631356e+13
3.799616e+13 3.788638e+13 3.666686e+13 3.720564e+13
3.712293e+13 3.801302e+13 3.699714e+13 3.722869e+13
3.775874e+13 3.821171e+13 3.668844e+13 3.785400e+13
3.825391e+13 3.856549e+13 3.706907e+13 3.814485e+13
3.955876e+13 3.803683e+13 3.723746e+13 3.829436e+13
3.998086e+13 3.842486e+13 3.951835e+13 3.970377e+13
4.005085e+13 3.930630e+13 3.949086e+13 3.923347e+13
3.972983e+13 3.932186e+13 3.896470e+13 3.864623e+13
3.949527e+13 3.975219e+13 3.926585e+13 3.895318e+13
3.978707e+13 4.097673e+13 3.926677e+13 3.868966e+13
3.984529e+13 4.150033e+13 3.984617e+13 3.820765e+13
4.000352e+13 4.145354e+13 4.050384e+13 3.988047e+13
4.045482e+13 4.128737e+13 4.155354e+13 4.073740e+13
4.106613e+13 4.164398e+13 4.125908e+13 4.080266e+13
4.103024e+13 4.158956e+13 4.153992e+13 4.198070e+13
4.231119e+13 4.251012e+13 4.209563e+13 4.235294e+13
4.340295e+13 4.340465e+13 4.271868e+13 4.392381e+13
4.505950e+13 4.325814e+13 4.301742e+13 4.581277e+13
4.590216e+13 4.379990e+13 4.257696e+13 4.560427e+13
4.684555e+13 4.420187e+13 4.283465e+13 4.583171e+13
4.756816e+13 4.513773e+13 4.399157e+13 4.657655e+13
4.798309e+13 4.665742e+13 4.544840e+13 4.701987e+13
4.851594e+13 4.727676e+13 4.662710e+13 4.686205e+13
4.890163e+13 4.761957e+13 4.747823e+13 4.715885e+13
5.014517e+13 4.815940e+13 4.830187e+13 4.844476e+13
5.103023e+13 4.932177e+13 4.893534e+13 4.887092e+13
5.127141e+13 5.068601e+13 4.992650e+13 4.950952e+13
5.096572e+13 5.072184e+13 5.046883e+13 5.229325e+13
5.164962e+13 5.120098e+13 5.154844e+13 5.217066e+13
5.263288e+13 5.097764e+13 5.237175e+13 5.238061e+13
5.257856e+13 5.267297e+13 5.298898e+13 5.237976e+13
5.359744e+13 5.474541e+13 5.440930e+13 5.456286e+13
5.444495e+13 5.525096e+13 5.660554e+13 5.634522e+13
5.649248e+13 5.670209e+13 5.788815e+13 5.732351e+13
5.845099e+13 5.886552e+13 6.060119e+13 5.950149e+13
6.120392e+13 6.159302e+13 6.277076e+13 6.209355e+13
6.435351e+13 6.404379e+13 6.476239e+13 6.370286e+13
6.626240e+13 6.658377e+13 6.654761e+13 6.522778e+13
6.802327e+13 6.893815e+13 7.016179e+13 6.899490e+13
7.043656e+13 7.169096e+13 7.418000e+13 7.207769e+13
7.536121e+13 7.604139e+13 7.944249e+13 7.881313e+13
7.958006e+13 8.222618e+13 8.417467e+13 8.441772e+13
8.686004e+13 8.893150e+13 9.004137e+13 9.149754e+13
9.507426e+13 9.866466e+13 9.787318e+13 9.846735e+13
1.072288e+14 1.089573e+14 1.092981e+14 1.114985e+14
1.260135e+14 1.232165e+14 1.225613e+14 1.275817e+14
1.519181e+14 1.442580e+14 1.416430e+14 1.455573e+14
1.827722e+14 1.843906e+14 1.795268e+14 1.843664e+14
2.518669e+14 2.567224e+14 2.591277e+14 2.627392e+14
4.074995e+14 4.000176e+14 4.142524e+14 4.158898e+14
6.470564e+14 6.317420e+14 6.518254e+14 6.314907e+14
8.288281e+14 8.228444e+14 8.203426e+14 8.111299e+14
9.597971e+14 9.501639e+14 9.264490e+14 9.303435e+14
1.001353e+15 9.976520e+14 1.009714e+15 1.015686e+15
1.011602e+15 1.018526e+15 1.035509e+15 1.048195e+15
1.009306e+15 9.930944e+14 1.001041e+15 1.018904e+15
9.723217e+14 9.395993e+14 9.325406e+14 9.341720e+14
8.256244e+14 8.061821e+14 8.031948e+14 8.232004e+14
6.283273e+14 6.171602e+14 6.274335e+14 6.375771e+14
4.060079e+14 3.866642e+14 3.795413e+14 3.956596e+14
2.578334e+14 2.500951e+14 2.393952e+14 2.478188e+14
1.831737e+14 1.835023e+14 1.783874e+14 1.758868e+14
1.452426e+14 1.444166e+14 1.466055e+14 1.478421e+14
1.271216e+14 1.228892e+14 1.223701e+14 1.252345e+14
1.111445e+14 1.080630e+14 1.049056e+14 1.092906e+14
9.788550e+13 9.633473e+13 9.297937e+13 9.836172e+13
9.032623e+13 8.864297e+13 8.474136e+13 8.910185e+13
8.340783e+13 8.184313e+13 7.854584e+13 8.123001e+13
7.602210e+13 7.678189e+13 7.508915e+13 7.637418e+13
7.204557e+13 7.011248e+13 7.079298e+13 7.245174e+13
6.608880e+13 6.693796e+13 6.657197e+13 6.944231e+13
6.362698e+13 6.486304e+13 6.380834e+13 6.513849e+13
6.299372e+13 6.329659e+13 6.120607e+13 6.186487e+13
5.935516e+13 6.108172e+13 6.070526e+13 6.052972e+13
5.829878e+13 5.967664e+13 5.952399e+13 5.857039e+13
5.776914e+13 5.886865e+13 5.803231e+13 5.640382e+13
5.700835e+13 5.647649e+13 5.613427e+13 5.592464e+13
5.628880e+13 5.502427e+13 5.588246e+13 5.433087e+13
5.571690e+13 5.336073e+13 5.491429e+13 5.284005e+13
5.550766e+13 5.245754e+13 5.417106e+13 5.211743e+13
5.407902e+13 5.182028e+13 5.321070e+13 5.054095e+13
5.223681e+13 5.075694e+13 5.249740e+13 5.121451e+13
5.160971e+13 4.976473e+13 5.080674e+13 4.964653e+13
4.974182e+13 4.824903e+13 5.041138e+13 4.859987e+13
4.909357e+13 4.825064e+13 4.942903e+13 4.750580e+13
4.831253e+13 4.716401e+13 4.820833e+13 4.754326e+13
4.757920e+13 4.604349e+13 4.742341e+13 4.806291e+13
4.723161e+13 4.544866e+13 4.654545e+13 4.743578e+13
4.655120e+13 4.538179e+13 4.451682e+13 4.490711e+13
4.634240e+13 4.520706e+13 4.416017e+13 4.567858e+13
4.473459e+13 4.391086e+13 4.468969e+13 4.501917e+13
4.286138e+13 4.224440e+13 4.368340e+13 4.482861e+13
4.269659e+13 4.187444e+13 4.233162e+13 4.361135e+13
4.280448e+13 4.159338e+13 4.219611e+13 4.394874e+13
4.339116e+13 4.145437e+13 4.242965e+13 4.456747e+13
4.159470e+13 4.161545e+13 4.218257e+13 4.356169e+13
3.978896e+13 4.150552e+13 4.217893e+13 4.324332e+13
4.080384e+13 4.087482e+13 4.094756e+13 4.281592e+13
4.118314e+13 4.051112e+13 4.097479e+13 4.275503e+13
4.161242e+13 4.059206e+13 4.086293e+13 4.148509e+13
4.157164e+13 4.041574e+13 4.047641e+13 4.269245e+13
4.188084e+13 3.960971e+13 3.921722e+13 4.158141e+13
3.946461e+13 3.868657e+13 3.875229e+13 4.165248e+13
3.882279e+13 3.870156e+13 3.909368e+13 4.041925e+13
3.919895e+13 3.884133e+13 3.862827e+13 3.993184e+13
3.834745e+13 3.837775e+13 3.782833e+13 3.951288e+13
3.767175e+13 3.791680e+13 3.839142e+13 3.908810e+13
3.914390e+13 3.838779e+13 3.809382e+13 3.912490e+13
3.849620e+13 3.829167e+13 3.774036e+13 3.867910e+13
3.805434e+13 3.800302e+13 3.777612e+13 3.792941e+13
3.774596e+13 3.767201e+13 3.798650e+13 3.607092e+13
3.725115e+13 3.737057e+13 3.754999e+13 3.673178e+13
3.670969e+13 3.642514e+13 3.646862e+13 3.703732e+13
3.693147e+13 3.643360e+13 3.597229e+13 3.621851e+13
3.565228e+13 3.558391e+13 3.583204e+13 3.738154e+13
3.581872e+13 3.497844e+13 3.554698e+13 3.674206e+13
3.572443e+13 3.462452e+13 3.568128e+13 3.663862e+13
3.571608e+13 3.420256e+13 3.504972e+13 3.629775e+13
3.596616e+13 3.513726e+13 3.538749e+13 3.500848e+13
