2.697868e+13 2.629139e+13 2.738373e+13 3.033987e+13
2.750457e+13 2.696068e+13 2.710502e+13 2.885373e+13
2.838732e+13 2.692624e+13 2.744431e+13 2.862433e+13
2.797007e+13 2.747964e+13 2.745050e+13 2.959977e+13
2.885075e+13 2.804455e+13 2.783208e+13 2.874823e+13
2.980856e+13 2.864591e+13 2.777516e+13 2.724912e+13
2.913512e+13 2.798269e+13 2.768715e+13 2.662014e+13
2.858334e+13 2.878549e+13 2.797524e+13 2.754434e+13
2.843019e+13 2.953003e+13 2.926218e+13 2.843046e+13
2.867800e+13 2.942759e+13 2.853848e+13 2.771522e+13
3.050802e+13 2.884032e+13 2.906028e+13 2.807022e+13
3.080383e+13 2.880493e+13 2.928311e+13 2.887428e+13
3.131289e+13 2.985921e+13 2.869094e+13 2.907219e+13
3.117358e+13 2.989389e+13 2.963482e+13 2.877027e+13
3.087868e+13 3.013588e+13 3.017210e+13 3.040341e+13
3.065955e+13 3.044178e+13 3.071988e+13 3.079800e+13
3.121765e+13 3.095358e+13 3.177835e+13 3.164304e+13
3.195905e+13 3.155403e+13 3.157513e+13 3.091117e+13
3.395912e+13 3.183807e+13 3.138462e+13 3.068007e+13
3.458488e+13 3.228400e+13 3.096854e+13 3.176244e+13
3.316518e+13 3.261997e+13 3.212733e+13 3.302197e+13
3.294207e+13 3.227855e+13 3.228764e+13 3.362289e+13
3.375885e+13 3.261021e+13 3.261275e+13 3.398956e+13
3.356576e+13 3.316740e+13 3.230552e+13 3.393754e+13
3.401608e+13 3.383720e+13 3.220145e+13 3.412184e+13
3.426469e+13 3.428935e+13 3.386944e+13 3.516772e+13
3.379830e+13 3.540775e+13 3.419633e+13 3.602737e+13
3.358913e+13 3.574066e+13 3.438622e+13 3.589510e+13
3.360066e+13 3.477818e+13 3.407588e+13 3.642809e+13
3.548895e+13 3.555582e+13 3.537459e+13 3.878794e+13
3.615961e+13 3.632535e+13 3.596158e+13 3.864802e+13
3.697773e+13 3.753288e+13 3.736298e+13 3.772195e+13
3.618015e+13 3.827576e+13 3.826522e+13 3.754423e+13
3.613506e+13 3.873982e+13 3.935470e+13 3.873848e+13
3.669524e+13 3.843342e+13 3.953477e+13 3.771007e+13
3.835858e+13 3.977360e+13 4.051142e+13 3.704057e+13
3.911472e+13 4.133910e+13 4.115244e+13 3.800246e+13
4.159873e+13 4.198001e+13 4.151900e+13 3.801344e+13
4.276122e+13 4.268474e+13 4.199536e+13 3.907939e+13
4.285625e+13 4.243460e+13 4.289009e+13 3.837167e+13
4.429187e+13 4.315956e+13 4.243651e+13 3.869620e+13
4.636797e+13 4.438533e+13 4.258252e+13 3.964908e+13
4.631184e+13 4.476216e+13 4.361580e+13 4.029856e+13
4.609527e+13 4.675815e+13 4.469616e+13 4.245796e+13
4.818977e+13 4.766667e+13 4.732111e+13 4.462595e+13
5.294323e+13 4.989939e+13 4.982298e+13 4.761258e+13
5.336918e+13 5.101362e+13 5.093437e+13 4.917708e+13
5.559382e+13 5.324627e+13 5.080792e+13 5.007363e+13
5.729570e+13 5.649242e+13 5.298549e+13 5.410301e+13
5.949100e+13 5.850721e+13 5.519117e+13 5.705768e+13
6.268501e+13 6.022132e+13 5.819539e+13 6.098599e+13
7.088361e+13 6.457842e+13 6.232194e+13 6.505983e+13
7.481688e+13 7.179767e+13 6.585765e+13 6.732410e+13
8.232510e+13 7.979409e+13 7.209459e+13 7.537090e+13
8.696654e+13 8.744444e+13 8.202457e+13 8.550092e+13
9.797574e+13 9.970668e+13 9.477667e+13 9.451029e+13
1.143432e+14 1.166151e+14 1.141062e+14 1.130937e+14
1.390112e+14 1.451844e+14 1.522282e+14 1.410406e+14
2.112498e+14 2.134994e+14 2.142317e+14 2.088418e+14
3.442364e+14 3.631034e+14 3.541598e+14 3.572701e+14
5.771416e+14 6.081097e+14 5.881038e+14 5.934840e+14
7.930434e+14 7.963139e+14 8.035149e+14 8.254060e+14
9.226813e+14 9.190633e+14 9.598116e+14 9.352466e+14
1.006894e+15 1.010228e+15 1.023000e+15 1.004853e+15
1.038800e+15 1.039944e+15 1.031487e+15 1.014700e+15
9.826343e+14 9.907319e+14 1.004994e+15 9.822452e+14
8.838498e+14 9.122462e+14 9.178545e+14 9.139866e+14
7.400186e+14 7.644222e+14 7.618357e+14 7.505737e+14
5.401723e+14 5.482133e+14 5.537526e+14 5.361241e+14
3.145540e+14 3.231923e+14 3.311381e+14 3.176064e+14
1.919456e+14 1.923039e+14 1.988181e+14 1.911582e+14
1.378520e+14 1.389094e+14 1.377283e+14 1.369180e+14
1.122834e+14 1.117631e+14 1.099270e+14 1.106224e+14
9.255639e+13 9.347793e+13 9.519943e+13 9.051456e+13
7.958162e+13 8.233954e+13 8.215230e+13 8.025155e+13
7.336388e+13 7.438809e+13 7.340889e+13 7.209462e+13
6.815995e+13 6.924838e+13 6.680671e+13 6.719323e+13
6.263600e+13 6.569105e+13 6.269499e+13 6.582429e+13
6.143619e+13 6.115662e+13 5.963935e+13 6.240059e+13
5.783982e+13 5.803220e+13 5.857988e+13 5.883314e+13
5.549993e+13 5.717737e+13 5.840165e+13 5.616320e+13
5.115903e+13 5.375592e+13 5.627779e+13 5.459675e+13
4.808977e+13 5.119185e+13 5.204640e+13 5.155089e+13
4.499516e+13 4.879684e+13 4.931156e+13 4.939697e+13
4.097421e+13 4.622685e+13 4.748003e+13 4.658911e+13
4.013438e+13 4.486555e+13 4.687392e+13 4.730292e+13
4.124226e+13 4.269979e+13 4.523071e+13 4.589012e+13
4.079612e+13 4.114624e+13 4.299806e+13 4.580121e+13
4.114503e+13 4.181768e+13 4.169466e+13 4.272881e+13
4.133735e+13 4.035657e+13 4.018251e+13 4.068807e+13
4.115365e+13 3.905748e+13 3.922449e+13 4.035650e+13
4.047331e+13 3.905017e+13 3.971013e+13 3.872283e+13
3.832138e+13 3.888752e+13 3.955578e+13 3.752292e+13
3.796033e+13 3.835485e+13 3.928470e+13 3.641910e+13
3.725134e+13 3.743706e+13 3.872693e+13 3.556075e+13
3.732838e+13 3.633572e+13 3.754538e+13 3.449290e+13
3.498189e+13 3.493489e+13 3.624190e+13 3.544459e+13
3.553692e+13 3.584652e+13 3.556766e+13 3.650649e+13
3.558518e+13 3.545299e+13 3.478134e+13 3.557003e+13
3.384791e+13 3.535843e+13 3.486393e+13 3.524094e+13
3.382851e+13 3.361627e+13 3.458446e+13 3.702357e+13
3.441023e+13 3.366762e+13 3.438027e+13 3.715297e+13
3.249860e+13 3.321969e+13 3.489552e+13 3.700537e+13
3.113274e+13 3.296617e+13 3.468657e+13 3.620836e+13
3.158042e+13 3.266517e+13 3.419735e+13 3.416213e+13
3.052197e+13 3.211884e+13 3.370098e+13 3.522756e+13
3.034946e+13 3.323762e+13 3.282719e+13 3.478351e+13
3.085171e+13 3.193557e+13 3.099041e+13 3.276853e+13
3.125467e+13 3.063322e+13 3.048756e+13 3.177667e+13
3.082502e+13 3.087489e+13 3.050604e+13 3.043055e+13
2.994942e+13 3.083885e+13 3.011449e+13 3.037720e+13
2.935829e+13 3.039108e+13 3.028798e+13 2.966983e+13
2.901007e+13 3.018990e+13 2.951944e+13 2.904880e+13
2.769480e+13 3.021864e+13 2.928775e+13 2.883613e+13
2.865911e+13 2.958252e+13 2.929571e+13 2.830630e+13
2.869253e+13 2.910434e+13 2.902124e+13 2.962789e+13
2.930085e+13 2.951069e+13 2.846518e+13 2.885895e+13
3.057931e+13 2.945578e+13 2.835535e+13 2.823055e+13
2.984879e+13 2.879860e+13 2.781744e+13 2.781660e+13
2.936255e+13 2.867522e+13 2.803844e+13 2.775421e+13
3.068180e+13 2.877980e+13 2.837444e+13 2.681839e+13
3.009589e+13 2.825185e+13 2.830760e+13 2.780361e+13
2.855374e+13 2.726956e+13 2.743372e+13 2.744685e+13
2.792314e+13 2.785451e+13 2.738670e+13 2.729203e+13
2.710782e+13 2.749287e+13 2.709659e+13 2.650954e+13
2.656175e+13 2.711569e+13 2.716718e+13 2.756526e+13
2.677215e+13 2.687680e+13 2.729111e+13 2.757752e+13
2.636522e+13 2.657453e+13 2.713717e+13 2.741504e+13
2.631340e+13 2.588797e+13 2.669665e+13 2.689632e+13
