-5.133119e+04 -5.133400e+04 -5.132878e+04 -5.132885e+04
-5.075756e+04 -5.075847e+04 -5.076013e+04 -5.076074e+04
-5.018393e+04 -5.018293e+04 -5.019148e+04 -5.019263e+04
-4.959432e+04 -4.960043e+04 -4.960053e+04 -4.960121e+04
-4.902217e+04 -4.902002e+04 -4.900134e+04 -4.898932e+04
-4.841837e+04 -4.841103e+04 -4.840402e+04 -4.839819e+04
-4.780473e+04 -4.780582e+04 -4.781931e+04 -4.782731e+04
-4.720733e+04 -4.720546e+04 -4.720822e+04 -4.720932e+04
-4.659255e+04 -4.658655e+04 -4.658174e+04 -4.657575e+04
-4.596379e+04 -4.596682e+04 -4.597872e+04 -4.598095e+04
-4.534169e+04 -4.534395e+04 -4.534534e+04 -4.535654e+04
-4.471444e+04 -4.470713e+04 -4.468814e+04 -4.468405e+04
-4.405253e+04 -4.404303e+04 -4.404647e+04 -4.404153e+04
-4.339562e+04 -4.338713e+04 -4.340863e+04 -4.341978e+04
-4.275898e+04 -4.277106e+04 -4.278031e+04 -4.278347e+04
-4.210908e+04 -4.211942e+04 -4.211192e+04 -4.210871e+04
-4.143948e+04 -4.143671e+04 -4.141593e+04 -4.141418e+04
-4.078581e+04 -4.079493e+04 -4.078160e+04 -4.077835e+04
-4.012558e+04 -4.013234e+04 -4.013505e+04 -4.013049e+04
-3.942978e+04 -3.942930e+04 -3.944243e+04 -3.944573e+04
-3.872007e+04 -3.871679e+04 -3.873459e+04 -3.874491e+04
-3.800264e+04 -3.800658e+04 -3.800789e+04 -3.801118e+04
-3.729472e+04 -3.729724e+04 -3.728600e+04 -3.728772e+04
-3.659123e+04 -3.658251e+04 -3.658172e+04 -3.658470e+04
-3.588329e+04 -3.587601e+04 -3.588406e+04 -3.587650e+04
-3.514806e+04 -3.514704e+04 -3.514550e+04 -3.514462e+04
-3.439481e+04 -3.440311e+04 -3.439291e+04 -3.438441e+04
-3.364107e+04 -3.364690e+04 -3.364832e+04 -3.363048e+04
-3.289823e+04 -3.290023e+04 -3.291879e+04 -3.293830e+04
-3.217361e+04 -3.217995e+04 -3.220152e+04 -3.223233e+04
-3.140855e+04 -3.140948e+04 -3.140964e+04 -3.139743e+04
-3.061682e+04 -3.060937e+04 -3.059437e+04 -3.056503e+04
-2.981974e+04 -2.981108e+04 -2.979719e+04 -2.979703e+04
-2.902516e+04 -2.902046e+04 -2.900131e+04 -2.900183e+04
-2.824920e+04 -2.824536e+04 -2.822445e+04 -2.821283e+04
-2.745300e+04 -2.743974e+04 -2.742493e+04 -2.743071e+04
-2.659824e+04 -2.659246e+04 -2.658595e+04 -2.659485e+04
-2.571657e+04 -2.572190e+04 -2.572039e+04 -2.570940e+04
-2.483534e+04 -2.484706e+04 -2.485796e+04 -2.483807e+04
-2.395032e+04 -2.397284e+04 -2.398984e+04 -2.399635e+04
-2.306197e+04 -2.307381e+04 -2.309355e+04 -2.311829e+04
-2.214693e+04 -2.214426e+04 -2.216433e+04 -2.218049e+04
-2.120826e+04 -2.119946e+04 -2.120285e+04 -2.120842e+04
-2.023760e+04 -2.022931e+04 -2.021441e+04 -2.020567e+04
-1.917722e+04 -1.917346e+04 -1.916355e+04 -1.915189e+04
-1.810180e+04 -1.809403e+04 -1.807948e+04 -1.806934e+04
-1.704436e+04 -1.703845e+04 -1.702362e+04 -1.701629e+04
-1.592237e+04 -1.593498e+04 -1.594833e+04 -1.595313e+04
-1.481355e+04 -1.481389e+04 -1.482644e+04 -1.482754e+04
-1.365806e+04 -1.364176e+04 -1.363908e+04 -1.363764e+04
-1.239410e+04 -1.239279e+04 -1.236069e+04 -1.236858e+04
-1.103293e+04 -1.105364e+04 -1.104615e+04 -1.105806e+04
-9.579555e+03 -9.595338e+03 -9.634154e+03 -9.639891e+03
-8.008391e+03 -8.002228e+03 -8.009993e+03 -8.006218e+03
-6.305372e+03 -6.289414e+03 -6.276621e+03 -6.272807e+03
-4.575144e+03 -4.562684e+03 -4.556524e+03 -4.549850e+03
-2.941007e+03 -2.946243e+03 -2.932892e+03 -2.939483e+03
-1.611465e+03 -1.609469e+03 -1.625101e+03 -1.639116e+03
-7.598372e+02 -7.939351e+02 -8.432542e+02 -8.123044e+02
-3.888834e+02 -4.390734e+02 -4.327695e+02 -4.030070e+02
-1.947954e+02 -2.286539e+02 -1.819254e+02 -2.304691e+02
-1.388027e+02 -1.382237e+02 -1.069873e+02 -1.490670e+02
-1.723181e+02 -9.309861e+01 -9.513244e+01 -7.369970e+01
-1.254908e+02 -6.737006e+01 -9.227968e+01 -7.814193e+01
-5.761944e+01 -6.024145e+01 -8.873141e+01 -7.230421e+01
-6.512246e+01 -7.130622e+01 -8.058623e+01 -6.899266e+01
-7.057673e+01 -8.350568e+01 -6.212591e+01 -5.576927e+01
4.690923e+00 -1.459776e+01 -1.867499e+01 -5.360760e+01
5.441299e+01 6.526571e+01 7.960373e+01 5.556026e+01
-3.430137e+01 -1.835056e+01 8.278486e+00 3.919370e+01
1.201998e+02 1.195365e+02 1.063543e+02 1.152117e+02
1.172121e+03 1.158063e+03 1.123353e+03 1.128860e+03
2.905129e+03 2.914611e+03 2.891961e+03 2.879009e+03
4.895787e+03 4.896419e+03 4.912360e+03 4.912985e+03
6.816271e+03 6.788456e+03 6.806213e+03 6.818981e+03
8.490596e+03 8.495774e+03 8.502023e+03 8.500668e+03
1.005566e+04 1.006909e+04 1.008029e+04 1.007820e+04
1.147294e+04 1.148827e+04 1.150806e+04 1.151727e+04
1.280035e+04 1.279924e+04 1.280162e+04 1.280903e+04
1.409215e+04 1.406939e+04 1.404141e+04 1.402064e+04
1.525484e+04 1.525036e+04 1.522489e+04 1.520172e+04
1.637610e+04 1.638276e+04 1.638079e+04 1.637796e+04
1.748764e+04 1.749984e+04 1.751270e+04 1.752590e+04
1.858359e+04 1.859217e+04 1.860459e+04 1.862612e+04
1.967332e+04 1.966219e+04 1.966853e+04 1.967587e+04
2.068272e+04 2.067106e+04 2.066493e+04 2.064915e+04
2.164503e+04 2.162782e+04 2.160621e+04 2.159829e+04
2.256999e+04 2.255288e+04 2.252571e+04 2.252340e+04
2.342284e+04 2.343694e+04 2.342492e+04 2.342043e+04
2.427072e+04 2.429082e+04 2.430383e+04 2.429798e+04
2.514376e+04 2.515003e+04 2.515957e+04 2.516071e+04
2.600645e+04 2.600484e+04 2.600400e+04 2.601784e+04
2.686052e+04 2.685497e+04 2.684341e+04 2.685183e+04
2.768279e+04 2.768229e+04 2.767884e+04 2.767433e+04
2.848045e+04 2.848501e+04 2.850269e+04 2.851042e+04
2.930102e+04 2.930748e+04 2.932234e+04 2.933393e+04
3.010838e+04 3.011736e+04 3.011555e+04 3.010912e+04
3.090764e+04 3.091636e+04 3.091393e+04 3.090661e+04
3.172317e+04 3.171554e+04 3.172069e+04 3.171181e+04
3.247793e+04 3.246164e+04 3.246339e+04 3.245716e+04
3.320482e+04 3.320238e+04 3.320564e+04 3.320396e+04
3.397055e+04 3.397282e+04 3.396629e+04 3.396592e+04
3.471904e+04 3.470832e+04 3.469901e+04 3.468597e+04
3.541480e+04 3.540203e+04 3.539007e+04 3.537917e+04
3.607794e+04 3.608822e+04 3.607686e+04 3.608326e+04
3.678295e+04 3.679018e+04 3.679130e+04 3.680147e+04
3.752328e+04 3.751643e+04 3.752574e+04 3.753691e+04
3.825454e+04 3.825378e+04 3.826162e+04 3.826621e+04
3.896895e+04 3.897103e+04 3.896908e+04 3.897100e+04
3.965227e+04 3.965431e+04 3.964903e+04 3.965453e+04
4.032564e+04 4.033462e+04 4.033755e+04 4.033269e+04
4.100144e+04 4.102165e+04 4.102829e+04 4.101484e+04
4.168879e+04 4.168638e+04 4.168984e+04 4.168276e+04
4.236947e+04 4.234687e+04 4.234913e+04 4.235638e+04
4.300710e+04 4.300304e+04 4.299995e+04 4.299934e+04
4.363029e+04 4.363120e+04 4.362541e+04 4.361657e+04
4.424575e+04 4.424607e+04 4.424504e+04 4.424769e+04
4.484425e+04 4.485091e+04 4.486179e+04 4.487002e+04
4.543966e+04 4.544459e+04 4.545963e+04 4.546920e+04
4.603629e+04 4.604736e+04 4.605855e+04 4.606688e+04
4.665403e+04 4.666131e+04 4.666290e+04 4.666940e+04
4.728178e+04 4.727444e+04 4.726540e+04 4.726382e+04
4.792649e+04 4.790857e+04 4.790176e+04 4.789345e+04
4.854284e+04 4.853428e+04 4.852777e+04 4.853194e+04
4.912589e+04 4.913621e+04 4.913854e+04 4.914805e+04
4.973790e+04 4.974813e+04 4.976692e+04 4.976369e+04
5.035994e+04 5.036405e+04 5.037091e+04 5.036449e+04
5.098710e+04 5.098230e+04 5.096721e+04 5.096227e+04
5.161426e+04 5.160055e+04 5.156352e+04 5.156005e+04
