0.000000e+00 -0.000000e+00 -0.000000e+00 0.000000e+00
-3.063332e+00 -2.900155e+00 -2.736978e+00 -2.573800e+00
-2.864847e+00 -2.568509e+00 -2.272171e+00 -1.975833e+00
-8.451938e+00 -1.044218e+01 -1.243243e+01 -1.442267e+01
-1.448882e+01 -8.772623e+00 -3.056425e+00 2.659772e+00
2.514954e+00 1.038913e+01 1.826330e+01 2.613747e+01
1.370001e+00 5.578603e+00 9.787206e+00 1.399581e+01
-5.150884e+00 -4.185168e+00 -3.219451e+00 -2.253734e+00
3.465244e+00 4.695734e+00 5.926223e+00 7.156712e+00
5.661543e+00 6.623957e+00 7.586370e+00 8.548784e+00
-1.227405e+01 -1.023574e+01 -8.197434e+00 -6.159125e+00
1.095620e+01 2.979681e+00 -4.996836e+00 -1.297335e+01
1.726007e+01 1.606780e+01 1.487553e+01 1.368325e+01
2.158019e+01 9.040769e+00 -3.498656e+00 -1.603808e+01
2.389274e+01 3.058002e+00 -1.777673e+01 -3.861146e+01
-8.672033e+00 -1.229212e+01 -1.591221e+01 -1.953230e+01
7.498284e+00 2.144513e-01 -7.069382e+00 -1.435321e+01
1.590687e+01 1.126050e+01 6.614135e+00 1.967766e+00
-6.634716e-01 4.423734e+00 9.510940e+00 1.459815e+01
-4.883093e+00 1.790980e+00 8.465053e+00 1.513913e+01
-9.549868e+00 -8.234661e+00 -6.919455e+00 -5.604248e+00
-5.795937e+00 -1.272605e+01 -1.965616e+01 -2.658627e+01
-1.545911e+01 -1.348863e+01 -1.151815e+01 -9.547677e+00
2.119628e+00 -4.007521e+00 -1.013467e+01 -1.626182e+01
5.761139e+00 -3.973813e+00 -1.370877e+01 -2.344372e+01
1.050833e+00 -4.784991e+00 -1.062081e+01 -1.645664e+01
8.455040e+00 -1.417300e+00 -1.128964e+01 -2.116198e+01
-1.385553e+01 -2.887988e+00 8.079559e+00 1.904711e+01
-2.246466e+01 -8.666221e+00 5.132221e+00 1.893066e+01
-1.689868e+01 -2.344542e+01 -2.999217e+01 -3.653891e+01
-2.589181e+01 -3.657124e+01 -4.725067e+01 -5.793010e+01
-3.113063e+01 -2.453515e+01 -1.793967e+01 -1.134418e+01
-2.532176e+01 -1.411480e+01 -2.907840e+00 8.299121e+00
-7.402071e-02 -1.981362e+00 -3.888702e+00 -5.796043e+00
3.750234e+00 9.736094e+00 1.572195e+01 2.170781e+01
1.687507e+01 2.276026e+01 2.864545e+01 3.453064e+01
5.085654e+01 3.780524e+01 2.475393e+01 1.170263e+01
4.383993e+01 3.504509e+01 2.625025e+01 1.745541e+01
3.071458e+01 3.398832e+01 3.726205e+01 4.053579e+01
-1.039184e+01 1.242259e+01 3.523702e+01 5.805146e+01
-2.481100e+01 -5.527514e+00 1.375597e+01 3.303945e+01
-2.906628e+01 -1.915351e+01 -9.240740e+00 6.720313e-01
-2.338841e+01 -2.293218e+01 -2.247594e+01 -2.201971e+01
-9.294812e+00 -1.374602e+01 -1.819723e+01 -2.264844e+01
-6.505615e-01 2.569922e-01 1.164546e+00 2.072100e+00
-3.530045e+00 -7.806772e-02 3.373909e+00 6.825886e+00
1.930409e+01 2.257680e+01 2.584951e+01 2.912223e+01
1.579081e+01 2.066305e+01 2.553529e+01 3.040753e+01
-1.446662e+01 -3.381805e+00 7.703006e+00 1.878782e+01
3.646373e+00 7.766749e+00 1.188712e+01 1.600750e+01
1.937488e+01 1.559714e+01 1.181940e+01 8.041654e+00
4.626688e+01 4.118097e+01 3.609506e+01 3.100916e+01
-2.646899e+00 2.373215e+00 7.393329e+00 1.241344e+01
-1.837748e+01 -1.341763e+01 -8.457784e+00 -3.497937e+00
-1.858217e+00 7.721249e-01 3.402466e+00 6.032808e+00
2.251770e+01 1.533367e+01 8.149647e+00 9.656217e-01
2.254831e+01 1.939225e+01 1.623619e+01 1.308012e+01
3.198847e+01 2.344927e+01 1.491007e+01 6.370864e+00
2.492445e+01 5.756886e+00 -1.341068e+01 -3.257824e+01
-1.164761e+02 -5.996767e+01 -3.459246e+00 5.304918e+01
-9.891429e+01 -3.812927e+01 2.265575e+01 8.344077e+01
-8.892088e+01 -4.709767e+01 -5.274455e+00 3.654876e+01
-2.444016e+01 -6.313843e+00 1.181248e+01 2.993879e+01
4.605162e+01 3.008804e+01 1.412445e+01 -1.839139e+00
5.275389e+01 2.689725e+01 1.040611e+00 -2.481603e+01
-4.109551e+00 -1.023931e+00 2.061690e+00 5.147310e+00
1.951279e+01 1.143348e+01 3.354175e+00 -4.725130e+00
-1.494433e+01 7.426891e+00 2.979811e+01 5.216933e+01
1.179079e+01 -1.193244e+01 -3.565567e+01 -5.937890e+01
4.514261e+01 3.261763e+01 2.009266e+01 7.567678e+00
3.940625e+01 3.064742e+01 2.188859e+01 1.312976e+01
2.177636e+01 1.877208e+01 1.576781e+01 1.276354e+01
-2.892689e+01 -1.812086e+01 -7.314824e+00 3.491208e+00
3.104209e+01 5.603875e+00 -1.983434e+01 -4.527255e+01
-1.234574e+01 -1.547519e+00 9.250703e+00 2.004893e+01
-1.959831e+01 -4.453706e+00 1.069090e+01 2.583551e+01
5.612893e+00 9.878835e+00 1.414478e+01 1.841072e+01
2.054954e+01 2.017581e+01 1.980209e+01 1.942836e+01
4.685845e+01 4.500465e+01 4.315086e+01 4.129706e+01
1.328158e+01 2.143762e+01 2.959367e+01 3.774971e+01
-5.858236e+00 -5.732890e+00 -5.607545e+00 -5.482199e+00
2.030594e+00 -8.508526e+00 -1.904765e+01 -2.958677e+01
8.307803e+00 -1.046416e+00 -1.040064e+01 -1.975486e+01
2.607183e+01 1.654413e+01 7.016434e+00 -2.511264e+00
1.635912e+01 1.995214e+01 2.354516e+01 2.713818e+01
2.817967e+00 1.175875e+01 2.069954e+01 2.964032e+01
2.692722e+00 2.165372e+00 1.638021e+00 1.110671e+00
-4.529977e+01 -2.706328e+01 -8.826793e+00 9.409698e+00
-5.637815e+01 -4.211362e+01 -2.784908e+01 -1.358455e+01
-2.463225e+01 -2.498620e+01 -2.534014e+01 -2.569409e+01
2.684556e+00 -9.002081e+00 -2.068872e+01 -3.237536e+01
-3.686550e+00 -9.176626e+00 -1.466670e+01 -2.015678e+01
-1.521388e+01 -1.145221e+01 -7.690543e+00 -3.928876e+00
-3.477857e+01 -2.629183e+01 -1.780509e+01 -9.318346e+00
-1.515524e+01 -1.540247e+01 -1.564970e+01 -1.589693e+01
-1.572127e+01 -4.053568e+00 7.614130e+00 1.928183e+01
1.029885e+00 5.916194e+00 1.080250e+01 1.568881e+01
6.858634e+00 3.118049e+00 -6.225359e-01 -4.363121e+00
2.335843e+01 1.220535e+01 1.052263e+00 -1.010082e+01
5.627738e+00 6.388977e-01 -4.349943e+00 -9.338783e+00
-1.250571e+00 -2.337507e+00 -3.424443e+00 -4.511379e+00
5.679942e+00 1.455043e+00 -2.769857e+00 -6.994756e+00
-2.857224e+00 -6.594330e+00 -1.033144e+01 -1.406854e+01
-1.203079e+01 -1.857583e+01 -2.512088e+01 -3.166593e+01
-2.943672e+01 -3.131675e+01 -3.319677e+01 -3.507680e+01
-9.242191e+00 -1.966316e+01 -3.008412e+01 -4.050509e+01
-2.401848e+01 -2.296471e+01 -2.191094e+01 -2.085717e+01
-2.480900e+01 -1.720449e+01 -9.599973e+00 -1.995459e+00
-2.227261e+01 -1.588109e+01 -9.489579e+00 -3.098063e+00
-2.452241e+01 -1.708040e+01 -9.638388e+00 -2.196378e+00
-2.897985e+01 -1.912513e+01 -9.270413e+00 5.843073e-01
1.235737e+00 -5.164945e+00 -1.156563e+01 -1.796631e+01
3.154433e+01 7.731944e+00 -1.608045e+01 -3.989284e+01
6.951289e+00 -4.116856e+00 -1.518500e+01 -2.625315e+01
-1.864915e+01 -1.260815e+01 -6.567158e+00 -5.261638e-01
-3.668347e+00 -1.127613e+01 -1.888392e+01 -2.649170e+01
-1.377271e+01 -1.748850e+01 -2.120428e+01 -2.492007e+01
-6.720926e+00 -1.199284e+01 -1.726474e+01 -2.253665e+01
2.203085e+00 5.443138e-02 -2.094222e+00 -4.242875e+00
8.602303e+00 7.972108e+00 7.341914e+00 6.711719e+00
2.721110e+01 2.231907e+01 1.742705e+01 1.253503e+01
1.824825e+01 1.683744e+01 1.542663e+01 1.401582e+01
5.066612e+00 5.940864e+00 6.815116e+00 7.689368e+00
-1.609372e+01 -7.891683e+00 3.103516e-01 8.512386e+00
-2.273823e+01 -9.131229e+00 4.475773e+00 1.808278e+01
-2.648083e+00 4.752647e+00 1.215338e+01 1.955411e+01
1.974536e+01 1.988838e+01 2.003140e+01 2.017442e+01
1.885314e+01 1.572100e+01 1.258887e+01 9.456739e+00
0.000000e+00 -0.000000e+00 -0.000000e+00 0.000000e+00
