0.000000e+00 0.000000e+00 0.000000e+00 0.000000e+00
2.671072e+01 2.671465e+01 2.671376e+01 2.671751e+01
5.313682e+01 5.313777e+01 5.313951e+01 5.314015e+01
7.924703e+01 7.924991e+01 7.925796e+01 7.926292e+01
1.050559e+02 1.050632e+02 1.050651e+02 1.050664e+02
1.305671e+02 1.305677e+02 1.305562e+02 1.305486e+02
1.557439e+02 1.557435e+02 1.557380e+02 1.557333e+02
1.806127e+02 1.806145e+02 1.806171e+02 1.806178e+02
2.051640e+02 2.051617e+02 2.051591e+02 2.051555e+02
2.293893e+02 2.293848e+02 2.293823e+02 2.293768e+02
2.532824e+02 2.532832e+02 2.532931e+02 2.532918e+02
2.768564e+02 2.768542e+02 2.768532e+02 2.768594e+02
3.000928e+02 3.000860e+02 3.000760e+02 3.000704e+02
3.229739e+02 3.229618e+02 3.229644e+02 3.229654e+02
3.455226e+02 3.455069e+02 3.455194e+02 3.455255e+02
3.677372e+02 3.677377e+02 3.677500e+02 3.677544e+02
3.896055e+02 3.896007e+02 3.896053e+02 3.896081e+02
4.111191e+02 4.111168e+02 4.111073e+02 4.111098e+02
4.323032e+02 4.323079e+02 4.322986e+02 4.322979e+02
4.531256e+02 4.531303e+02 4.531237e+02 4.531214e+02
4.735812e+02 4.735854e+02 4.735899e+02 4.735927e+02
4.936606e+02 4.936619e+02 4.936740e+02 4.936825e+02
5.133652e+02 5.133736e+02 5.133794e+02 5.133856e+02
5.327036e+02 5.327075e+02 5.327077e+02 5.327181e+02
5.516717e+02 5.516709e+02 5.516759e+02 5.516852e+02
5.702689e+02 5.702652e+02 5.702739e+02 5.702763e+02
5.884673e+02 5.884654e+02 5.884688e+02 5.884773e+02
6.062759e+02 6.062809e+02 6.062790e+02 6.062725e+02
6.236853e+02 6.236895e+02 6.236944e+02 6.236842e+02
6.407163e+02 6.407234e+02 6.407408e+02 6.407548e+02
6.573671e+02 6.573779e+02 6.574053e+02 6.574274e+02
6.735971e+02 6.736052e+02 6.736228e+02 6.736240e+02
6.894191e+02 6.894221e+02 6.894338e+02 6.894252e+02
7.048146e+02 7.048137e+02 7.048167e+02 7.048177e+02
7.198048e+02 7.198029e+02 7.197946e+02 7.197864e+02
7.343880e+02 7.343830e+02 7.343642e+02 7.343530e+02
7.485446e+02 7.485289e+02 7.485050e+02 7.485030e+02
7.622330e+02 7.622220e+02 7.621964e+02 7.621945e+02
7.754667e+02 7.754565e+02 7.754311e+02 7.754175e+02
7.882325e+02 7.882338e+02 7.882195e+02 7.881969e+02
8.005396e+02 8.005531e+02 8.005454e+02 8.005387e+02
8.123755e+02 8.123892e+02 8.123956e+02 8.123988e+02
8.237247e+02 8.237353e+02 8.237487e+02 8.237589e+02
8.345779e+02 8.345823e+02 8.345923e+02 8.346014e+02
8.449110e+02 8.449129e+02 8.449107e+02 8.449117e+02
8.546541e+02 8.546546e+02 8.546542e+02 8.546510e+02
8.638613e+02 8.638551e+02 8.638376e+02 8.638280e+02
8.724974e+02 8.724917e+02 8.724758e+02 8.724649e+02
8.805300e+02 8.805370e+02 8.805335e+02 8.805290e+02
8.880053e+02 8.880000e+02 8.879972e+02 8.879875e+02
8.948283e+02 8.948182e+02 8.948120e+02 8.948059e+02
9.009804e+02 9.009737e+02 9.009373e+02 9.009359e+02
9.063784e+02 9.063900e+02 9.063759e+02 9.063823e+02
9.110090e+02 9.110188e+02 9.110231e+02 9.110276e+02
9.147622e+02 9.147673e+02 9.147614e+02 9.147638e+02
9.176099e+02 9.176030e+02 9.175939e+02 9.175945e+02
9.195518e+02 9.195439e+02 9.195315e+02 9.195269e+02
9.206888e+02 9.206874e+02 9.206643e+02 9.206718e+02
9.212388e+02 9.212288e+02 9.212327e+02 9.212428e+02
9.214843e+02 9.215185e+02 9.215470e+02 9.215221e+02
9.216459e+02 9.216885e+02 9.216858e+02 9.216647e+02
9.216882e+02 9.217579e+02 9.217375e+02 9.217634e+02
9.217912e+02 9.218332e+02 9.217978e+02 9.218208e+02
9.218686e+02 9.218554e+02 9.218371e+02 9.218406e+02
9.219226e+02 9.219037e+02 9.218944e+02 9.219026e+02
9.219289e+02 9.219184e+02 9.219300e+02 9.219163e+02
9.219907e+02 9.219783e+02 9.219788e+02 9.219748e+02
9.220028e+02 9.220058e+02 9.219950e+02 9.219746e+02
9.219858e+02 9.219936e+02 9.219983e+02 9.220310e+02
9.219458e+02 9.219375e+02 9.219117e+02 9.219165e+02
9.220217e+02 9.220128e+02 9.219897e+02 9.219899e+02
9.218200e+02 9.218124e+02 9.218003e+02 9.217959e+02
9.207947e+02 9.208005e+02 9.208136e+02 9.208081e+02
9.187787e+02 9.187611e+02 9.187728e+02 9.187819e+02
9.156694e+02 9.156746e+02 9.156710e+02 9.156649e+02
9.116429e+02 9.116545e+02 9.116476e+02 9.116433e+02
9.067808e+02 9.067805e+02 9.067705e+02 9.067657e+02
9.011159e+02 9.011134e+02 9.010948e+02 9.010927e+02
8.947701e+02 8.947538e+02 8.947230e+02 8.947086e+02
8.877155e+02 8.877142e+02 8.876931e+02 8.876832e+02
8.800174e+02 8.800249e+02 8.800234e+02 8.800307e+02
8.717456e+02 8.717490e+02 8.717545e+02 8.717689e+02
8.628736e+02 8.628742e+02 8.628747e+02 8.628851e+02
8.534382e+02 8.534288e+02 8.534209e+02 8.534215e+02
8.434189e+02 8.434105e+02 8.433980e+02 8.433858e+02
8.328427e+02 8.328450e+02 8.328304e+02 8.328233e+02
8.217667e+02 8.217705e+02 8.217644e+02 8.217688e+02
8.101831e+02 8.102034e+02 8.102114e+02 8.102126e+02
7.981387e+02 7.981604e+02 7.981828e+02 7.981896e+02
7.856623e+02 7.856678e+02 7.856885e+02 7.856943e+02
7.727303e+02 7.727310e+02 7.727398e+02 7.727526e+02
7.593399e+02 7.593389e+02 7.593495e+02 7.593542e+02
7.455048e+02 7.455071e+02 7.455168e+02 7.455152e+02
7.312203e+02 7.312251e+02 7.312478e+02 7.312437e+02
7.165244e+02 7.165273e+02 7.165405e+02 7.165436e+02
7.014048e+02 7.014048e+02 7.014091e+02 7.013969e+02
6.858499e+02 6.858460e+02 6.858437e+02 6.858347e+02
6.698851e+02 6.698757e+02 6.698819e+02 6.698764e+02
6.534935e+02 6.534804e+02 6.534807e+02 6.534793e+02
6.366749e+02 6.366735e+02 6.366743e+02 6.366781e+02
6.194931e+02 6.194971e+02 6.194956e+02 6.195007e+02
6.019136e+02 6.019148e+02 6.019121e+02 6.019177e+02
5.839302e+02 5.839318e+02 5.839371e+02 5.839427e+02
5.655671e+02 5.655795e+02 5.655866e+02 5.656058e+02
5.468554e+02 5.468703e+02 5.468881e+02 5.469051e+02
5.277980e+02 5.277996e+02 5.278186e+02 5.278311e+02
5.083482e+02 5.083556e+02 5.083723e+02 5.083786e+02
4.885159e+02 4.885246e+02 4.885339e+02 4.885347e+02
4.683005e+02 4.683087e+02 4.683171e+02 4.683186e+02
4.477202e+02 4.477268e+02 4.477381e+02 4.477369e+02
4.267895e+02 4.267956e+02 4.268095e+02 4.268053e+02
4.055043e+02 4.055015e+02 4.055097e+02 4.055136e+02
3.838661e+02 3.838510e+02 3.838581e+02 3.838679e+02
3.618614e+02 3.618611e+02 3.618657e+02 3.618770e+02
3.395106e+02 3.395192e+02 3.395238e+02 3.395260e+02
3.168383e+02 3.168423e+02 3.168501e+02 3.168621e+02
2.938351e+02 2.938428e+02 2.938535e+02 2.938650e+02
2.705186e+02 2.705222e+02 2.705311e+02 2.705403e+02
2.468888e+02 2.468895e+02 2.468888e+02 2.468917e+02
2.229489e+02 2.229474e+02 2.229406e+02 2.229397e+02
1.986946e+02 1.986836e+02 1.986712e+02 1.986654e+02
1.741080e+02 1.740988e+02 1.740903e+02 1.740827e+02
1.491965e+02 1.491932e+02 1.491903e+02 1.491861e+02
1.239349e+02 1.239445e+02 1.239432e+02 1.239442e+02
9.837819e+01 9.838388e+01 9.838775e+01 9.837920e+01
7.250626e+01 7.250507e+01 7.250129e+01 7.249234e+01
4.630883e+01 4.630380e+01 4.628801e+01 4.628283e+01
1.978570e+01 1.978020e+01 1.976924e+01 1.976702e+01
-7.068293e+00 -7.068293e+00 -7.068293e+00 -7.068293e+00
